{
 "cells": [
  {
   "cell_type": "code",
   "execution_count": 1,
   "metadata": {},
   "outputs": [],
   "source": [
    "import django\n",
    "import os\n",
    "os.environ.setdefault(\"DJANGO_SETTINGS_MODULE\", \"kML.settings\")\n",
    "os.environ[\"DJANGO_ALLOW_ASYNC_UNSAFE\"] = \"true\"\n",
    "django.setup()"
   ]
  },
  {
   "cell_type": "code",
   "execution_count": null,
   "metadata": {},
   "outputs": [],
   "source": []
  },
  {
   "cell_type": "code",
   "execution_count": 2,
   "metadata": {
    "pycharm": {
     "name": "#%%\n"
    }
   },
   "outputs": [],
   "source": [
    "from regml.models import RegData, ColumnTypes, DataOutput, FileMetaData\n"
   ]
  },
  {
   "cell_type": "code",
   "execution_count": 3,
   "metadata": {
    "pycharm": {
     "name": "#%%\n"
    }
   },
   "outputs": [],
   "source": [
    "import pandas as pd\n",
    "from sklearn.preprocessing import LabelEncoder\n",
    "from sklearn.feature_selection import chi2, f_regression\n",
    "from pandas.api.types import is_numeric_dtype\n",
    "import plotly.graph_objects as go\n",
    "from plotly.subplots import make_subplots\n",
    "import plotly.offline as opy\n",
    "import plotly.express as px\n",
    "import math\n",
    "import networkx as nx\n",
    "from sklearn.linear_model import LinearRegression, RidgeCV\n",
    "from sklearn.ensemble import RandomForestRegressor\n",
    "from sklearn.preprocessing import StandardScaler, OneHotEncoder, PolynomialFeatures\n",
    "from sklearn.compose import make_column_transformer\n",
    "from sklearn.model_selection import train_test_split\n",
    "from sklearn.pipeline import make_pipeline, Pipeline"
   ]
  },
  {
   "cell_type": "code",
   "execution_count": 23,
   "metadata": {
    "pycharm": {
     "name": "#%%\n"
    }
   },
   "outputs": [],
   "source": [
    "title = 'boston project2'"
   ]
  },
  {
   "cell_type": "code",
   "execution_count": 27,
   "metadata": {
    "pycharm": {
     "name": "#%%\n"
    }
   },
   "outputs": [],
   "source": [
    "data_dict = {}\n",
    "x_cols = []\n",
    "y_cols = []\n",
    "col_types = {\n",
    "            'n': [],\n",
    "            'c': [],\n",
    "            'd': [],\n",
    "            'int': []\n",
    "}"
   ]
  },
  {
   "cell_type": "code",
   "execution_count": 28,
   "metadata": {
    "pycharm": {
     "name": "#%%\n"
    }
   },
   "outputs": [],
   "source": [
    "# Retrieve columns\n",
    "for row in ColumnTypes.objects.all().filter(project_name=title):\n",
    "    if row.y:\n",
    "        y_cols.append(row.col_name)\n",
    "        col_types[row.col_type].append(row.col_name)\n",
    "    else:\n",
    "        x_cols.append(row.col_name)\n",
    "        col_types[row.col_type].append(row.col_name)"
   ]
  },
  {
   "cell_type": "code",
   "execution_count": null,
   "metadata": {
    "pycharm": {
     "name": "#%%\n"
    }
   },
   "outputs": [],
   "source": []
  },
  {
   "cell_type": "code",
   "execution_count": 29,
   "metadata": {
    "pycharm": {
     "name": "#%%\n"
    }
   },
   "outputs": [],
   "source": [
    "# Retrieve observations\n",
    "for i, row in enumerate(RegData.objects.all().filter(project_name=title)):\n",
    "    data_dict[i] = row.observations"
   ]
  },
  {
   "cell_type": "code",
   "execution_count": 30,
   "metadata": {
    "pycharm": {
     "name": "#%%\n"
    }
   },
   "outputs": [],
   "source": [
    "# Build DF\n",
    "df = pd.DataFrame.from_dict(data_dict, orient='index')\n",
    "for col in col_types['n']:\n",
    "    if not is_numeric_dtype(df[col]):\n",
    "        try:\n",
    "            df[col] = pd.to_numeric(df[col])\n",
    "        except ValueError as e:\n",
    "            col_types['n'].remove(col)\n",
    "            col_types['c'].append(col)\n",
    "\n",
    "for col in col_types['c']:\n",
    "    try:\n",
    "        df[col] = pd.to_numeric(df[col])\n",
    "    except ValueError as e:\n",
    "        pass\n",
    "    else:\n",
    "        col_types['int'].append(col)\n",
    "col_types['int'].extend(col_types['n'])"
   ]
  },
  {
   "cell_type": "code",
   "execution_count": null,
   "metadata": {
    "pycharm": {
     "name": "#%%\n"
    }
   },
   "outputs": [],
   "source": []
  },
  {
   "cell_type": "code",
   "execution_count": null,
   "metadata": {},
   "outputs": [],
   "source": []
  },
  {
   "cell_type": "code",
   "execution_count": 33,
   "metadata": {
    "pycharm": {
     "name": "#%%\n"
    }
   },
   "outputs": [],
   "source": [
    "# Save Corr Matrix\n",
    "corr = df[col_types['int']].corr().reset_index()\n",
    "# checking if exists\n",
    "existing = DataOutput.objects.filter(project_name=title, output_name='corr_matrix').exists()\n",
    "if existing:\n",
    "    DataOutput.objects.filter(project_name=title, output_name='corr_matrix').delete()\n",
    "# saving corr matrix to plot in java script\n",
    "DataOutput(output=pd.melt(corr, id_vars='index').to_dict(orient='records'), output_name='corr_matrix',\n",
    "                   project_name=FileMetaData.objects.get(project_name=title)).save()"
   ]
  },
  {
   "cell_type": "code",
   "execution_count": null,
   "metadata": {},
   "outputs": [],
   "source": []
  },
  {
   "cell_type": "code",
   "execution_count": null,
   "metadata": {
    "pycharm": {
     "name": "#%%\n"
    }
   },
   "outputs": [],
   "source": []
  },
  {
   "cell_type": "code",
   "execution_count": 115,
   "metadata": {},
   "outputs": [
    {
     "data": {
      "application/vnd.plotly.v1+json": {
       "config": {
        "plotlyServerURL": "https://plot.ly"
       },
       "data": [
        {
         "colorscale": [
          [
           0,
           "#ff9900"
          ],
          [
           0.5,
           "white"
          ],
          [
           1,
           "#2D3949"
          ]
         ],
         "type": "heatmap",
         "x": [
          "b",
          "rm",
          "zn",
          "age",
          "dis",
          "nox",
          "rad",
          "tax",
          "chas",
          "crim",
          "medv",
          "indus",
          "lstat",
          "ptratio"
         ],
         "y": [
          "b",
          "rm",
          "zn",
          "age",
          "dis",
          "nox",
          "rad",
          "tax",
          "chas",
          "crim",
          "medv",
          "indus",
          "lstat",
          "ptratio"
         ],
         "z": [
          [
           1,
           0.12806863509254326,
           0.17552031738282892,
           -0.2735339766385133,
           0.2915116731330401,
           -0.38005063779240134,
           -0.4444128155751253,
           -0.4418080067228151,
           0.04878848495516676,
           -0.38506394199422533,
           0.3334608196570674,
           -0.35697653510419297,
           -0.36608690169159713,
           -0.17738330230523233
          ],
          [
           0.12806863509254326,
           1,
           0.31199058737409135,
           -0.2402649310477511,
           0.20524621293005516,
           -0.3021881878495936,
           -0.2098466677661092,
           -0.2920478326232196,
           0.0912512250434561,
           -0.21924670286251388,
           0.6953599470715395,
           -0.39167585265684296,
           -0.6138082718663951,
           -0.3555014945590849
          ],
          [
           0.17552031738282892,
           0.31199058737409135,
           1,
           -0.5695373420992131,
           0.6644082227621121,
           -0.5166037078279859,
           -0.311947826018537,
           -0.3145633246776005,
           -0.04269671929612135,
           -0.20046921966254858,
           0.36044534245054494,
           -0.5338281863044734,
           -0.41299457452700483,
           -0.39167854793621715
          ],
          [
           -0.2735339766385133,
           -0.2402649310477511,
           -0.5695373420992131,
           1,
           -0.7478805408686314,
           0.7314701037859581,
           0.45602245175161565,
           0.5064555935507044,
           0.08651777425454235,
           0.35273425090136373,
           -0.37695456500459623,
           0.6447785113552559,
           0.6023385287262402,
           0.2615150116719575
          ],
          [
           0.2915116731330401,
           0.20524621293005516,
           0.6644082227621121,
           -0.7478805408686314,
           1,
           -0.7692301132258268,
           -0.4945879296720757,
           -0.5344315844084561,
           -0.09917578017472738,
           -0.37967008695102483,
           0.24992873408590432,
           -0.7080269887427679,
           -0.49699583086368554,
           -0.23247054240825696
          ],
          [
           -0.38005063779240134,
           -0.3021881878495936,
           -0.5166037078279859,
           0.7314701037859581,
           -0.7692301132258268,
           1,
           0.6114405634855788,
           0.6680232004030191,
           0.09120280684249475,
           0.4209717113924563,
           -0.4273207723732828,
           0.7636514469209147,
           0.5908789208808458,
           0.18893267711276668
          ],
          [
           -0.4444128155751253,
           -0.2098466677661092,
           -0.311947826018537,
           0.45602245175161565,
           -0.4945879296720757,
           0.6114405634855788,
           1,
           0.9102281885331839,
           -0.00736824088607779,
           0.6255051452626024,
           -0.38162623063977863,
           0.5951292746038472,
           0.4886763349750669,
           0.46474117850305585
          ],
          [
           -0.4418080067228151,
           -0.2920478326232196,
           -0.3145633246776005,
           0.5064555935507044,
           -0.5344315844084561,
           0.6680232004030191,
           0.9102281885331839,
           1,
           -0.03558651758591119,
           0.5827643120325846,
           -0.46853593356776696,
           0.7207601799515453,
           0.5439934120015695,
           0.4608530350656671
          ],
          [
           0.04878848495516676,
           0.0912512250434561,
           -0.04269671929612135,
           0.08651777425454235,
           -0.09917578017472738,
           0.09120280684249475,
           -0.00736824088607779,
           -0.03558651758591119,
           1,
           -0.055891582222241214,
           0.17526017719029768,
           0.06293802748966473,
           -0.05392929837569406,
           -0.12151517365806214
          ],
          [
           -0.38506394199422533,
           -0.21924670286251388,
           -0.20046921966254858,
           0.35273425090136373,
           -0.37967008695102483,
           0.4209717113924563,
           0.6255051452626024,
           0.5827643120325846,
           -0.055891582222241214,
           1,
           -0.3883046085868121,
           0.40658341140625914,
           0.455621479447947,
           0.28994557927952014
          ],
          [
           0.3334608196570674,
           0.6953599470715395,
           0.36044534245054494,
           -0.37695456500459623,
           0.24992873408590432,
           -0.4273207723732828,
           -0.38162623063977863,
           -0.46853593356776696,
           0.17526017719029768,
           -0.3883046085868121,
           1,
           -0.48372516002837285,
           -0.7376627261740157,
           -0.5077866855375622
          ],
          [
           -0.35697653510419297,
           -0.39167585265684296,
           -0.5338281863044734,
           0.6447785113552559,
           -0.7080269887427679,
           0.7636514469209147,
           0.5951292746038472,
           0.7207601799515453,
           0.06293802748966473,
           0.40658341140625914,
           -0.48372516002837285,
           1,
           0.6037997164766211,
           0.3832475564288876
          ],
          [
           -0.36608690169159713,
           -0.6138082718663951,
           -0.41299457452700483,
           0.6023385287262402,
           -0.49699583086368554,
           0.5908789208808458,
           0.4886763349750669,
           0.5439934120015695,
           -0.05392929837569406,
           0.455621479447947,
           -0.7376627261740157,
           0.6037997164766211,
           1,
           0.3740443167146758
          ],
          [
           -0.17738330230523233,
           -0.3555014945590849,
           -0.39167854793621715,
           0.2615150116719575,
           -0.23247054240825696,
           0.18893267711276668,
           0.46474117850305585,
           0.4608530350656671,
           -0.12151517365806214,
           0.28994557927952014,
           -0.5077866855375622,
           0.3832475564288876,
           0.3740443167146758,
           1
          ]
         ]
        }
       ],
       "layout": {
        "font": {
         "color": "#2D3949",
         "family": "Gravitas One"
        },
        "showlegend": false,
        "template": {
         "data": {
          "pie": [
           {
            "automargin": true,
            "type": "pie"
           }
          ],
          "scatter": [
           {
            "line": {
             "width": 3
            },
            "marker": {
             "size": 9
            },
            "type": "scatter"
           }
          ],
          "scatter3d": [
           {
            "line": {
             "width": 3
            },
            "marker": {
             "size": 9
            },
            "type": "scatter3d"
           }
          ],
          "scattergeo": [
           {
            "line": {
             "width": 3
            },
            "marker": {
             "size": 9
            },
            "type": "scattergeo"
           }
          ],
          "scattergl": [
           {
            "line": {
             "width": 3
            },
            "marker": {
             "size": 9
            },
            "type": "scattergl"
           }
          ],
          "scatterpolar": [
           {
            "line": {
             "width": 3
            },
            "marker": {
             "size": 9
            },
            "type": "scatterpolar"
           }
          ],
          "scatterpolargl": [
           {
            "line": {
             "width": 3
            },
            "marker": {
             "size": 9
            },
            "type": "scatterpolargl"
           }
          ],
          "scatterternary": [
           {
            "line": {
             "width": 3
            },
            "marker": {
             "size": 9
            },
            "type": "scatterternary"
           }
          ],
          "table": [
           {
            "cells": {
             "height": 30
            },
            "header": {
             "height": 36
            },
            "type": "table"
           }
          ]
         },
         "layout": {
          "font": {
           "size": 18
          },
          "xaxis": {
           "title": {
            "standoff": 15
           }
          },
          "yaxis": {
           "title": {
            "standoff": 15
           }
          }
         }
        },
        "title": {
         "text": "Feature Correlation Matrix"
        },
        "xaxis": {
         "tickangle": 45
        },
        "yaxis": {
         "title": {}
        }
       }
      },
      "text/html": [
       "<div>                            <div id=\"d8cf1895-ff28-4b82-9700-f88c71ba3480\" class=\"plotly-graph-div\" style=\"height:525px; width:100%;\"></div>            <script type=\"text/javascript\">                require([\"plotly\"], function(Plotly) {                    window.PLOTLYENV=window.PLOTLYENV || {};                                    if (document.getElementById(\"d8cf1895-ff28-4b82-9700-f88c71ba3480\")) {                    Plotly.newPlot(                        \"d8cf1895-ff28-4b82-9700-f88c71ba3480\",                        [{\"colorscale\": [[0, \"#ff9900\"], [0.5, \"white\"], [1, \"#2D3949\"]], \"type\": \"heatmap\", \"x\": [\"b\", \"rm\", \"zn\", \"age\", \"dis\", \"nox\", \"rad\", \"tax\", \"chas\", \"crim\", \"medv\", \"indus\", \"lstat\", \"ptratio\"], \"y\": [\"b\", \"rm\", \"zn\", \"age\", \"dis\", \"nox\", \"rad\", \"tax\", \"chas\", \"crim\", \"medv\", \"indus\", \"lstat\", \"ptratio\"], \"z\": [[1.0, 0.12806863509254326, 0.17552031738282892, -0.2735339766385133, 0.2915116731330401, -0.38005063779240134, -0.4444128155751253, -0.4418080067228151, 0.04878848495516676, -0.38506394199422533, 0.3334608196570674, -0.35697653510419297, -0.36608690169159713, -0.17738330230523233], [0.12806863509254326, 1.0, 0.31199058737409135, -0.2402649310477511, 0.20524621293005516, -0.3021881878495936, -0.2098466677661092, -0.2920478326232196, 0.0912512250434561, -0.21924670286251388, 0.6953599470715395, -0.39167585265684296, -0.6138082718663951, -0.3555014945590849], [0.17552031738282892, 0.31199058737409135, 1.0, -0.5695373420992131, 0.6644082227621121, -0.5166037078279859, -0.311947826018537, -0.3145633246776005, -0.04269671929612135, -0.20046921966254858, 0.36044534245054494, -0.5338281863044734, -0.41299457452700483, -0.39167854793621715], [-0.2735339766385133, -0.2402649310477511, -0.5695373420992131, 1.0, -0.7478805408686314, 0.7314701037859581, 0.45602245175161565, 0.5064555935507044, 0.08651777425454235, 0.35273425090136373, -0.37695456500459623, 0.6447785113552559, 0.6023385287262402, 0.2615150116719575], [0.2915116731330401, 0.20524621293005516, 0.6644082227621121, -0.7478805408686314, 1.0, -0.7692301132258268, -0.4945879296720757, -0.5344315844084561, -0.09917578017472738, -0.37967008695102483, 0.24992873408590432, -0.7080269887427679, -0.49699583086368554, -0.23247054240825696], [-0.38005063779240134, -0.3021881878495936, -0.5166037078279859, 0.7314701037859581, -0.7692301132258268, 1.0, 0.6114405634855788, 0.6680232004030191, 0.09120280684249475, 0.4209717113924563, -0.4273207723732828, 0.7636514469209147, 0.5908789208808458, 0.18893267711276668], [-0.4444128155751253, -0.2098466677661092, -0.311947826018537, 0.45602245175161565, -0.4945879296720757, 0.6114405634855788, 1.0, 0.9102281885331839, -0.00736824088607779, 0.6255051452626024, -0.38162623063977863, 0.5951292746038472, 0.4886763349750669, 0.46474117850305585], [-0.4418080067228151, -0.2920478326232196, -0.3145633246776005, 0.5064555935507044, -0.5344315844084561, 0.6680232004030191, 0.9102281885331839, 1.0, -0.03558651758591119, 0.5827643120325846, -0.46853593356776696, 0.7207601799515453, 0.5439934120015695, 0.4608530350656671], [0.04878848495516676, 0.0912512250434561, -0.04269671929612135, 0.08651777425454235, -0.09917578017472738, 0.09120280684249475, -0.00736824088607779, -0.03558651758591119, 1.0, -0.055891582222241214, 0.17526017719029768, 0.06293802748966473, -0.05392929837569406, -0.12151517365806214], [-0.38506394199422533, -0.21924670286251388, -0.20046921966254858, 0.35273425090136373, -0.37967008695102483, 0.4209717113924563, 0.6255051452626024, 0.5827643120325846, -0.055891582222241214, 1.0, -0.3883046085868121, 0.40658341140625914, 0.455621479447947, 0.28994557927952014], [0.3334608196570674, 0.6953599470715395, 0.36044534245054494, -0.37695456500459623, 0.24992873408590432, -0.4273207723732828, -0.38162623063977863, -0.46853593356776696, 0.17526017719029768, -0.3883046085868121, 1.0, -0.48372516002837285, -0.7376627261740157, -0.5077866855375622], [-0.35697653510419297, -0.39167585265684296, -0.5338281863044734, 0.6447785113552559, -0.7080269887427679, 0.7636514469209147, 0.5951292746038472, 0.7207601799515453, 0.06293802748966473, 0.40658341140625914, -0.48372516002837285, 1.0, 0.6037997164766211, 0.3832475564288876], [-0.36608690169159713, -0.6138082718663951, -0.41299457452700483, 0.6023385287262402, -0.49699583086368554, 0.5908789208808458, 0.4886763349750669, 0.5439934120015695, -0.05392929837569406, 0.455621479447947, -0.7376627261740157, 0.6037997164766211, 1.0, 0.3740443167146758], [-0.17738330230523233, -0.3555014945590849, -0.39167854793621715, 0.2615150116719575, -0.23247054240825696, 0.18893267711276668, 0.46474117850305585, 0.4608530350656671, -0.12151517365806214, 0.28994557927952014, -0.5077866855375622, 0.3832475564288876, 0.3740443167146758, 1.0]]}],                        {\"font\": {\"color\": \"#2D3949\", \"family\": \"Gravitas One\"}, \"showlegend\": false, \"template\": {\"data\": {\"pie\": [{\"automargin\": true, \"type\": \"pie\"}], \"scatter\": [{\"line\": {\"width\": 3}, \"marker\": {\"size\": 9}, \"type\": \"scatter\"}], \"scatter3d\": [{\"line\": {\"width\": 3}, \"marker\": {\"size\": 9}, \"type\": \"scatter3d\"}], \"scattergeo\": [{\"line\": {\"width\": 3}, \"marker\": {\"size\": 9}, \"type\": \"scattergeo\"}], \"scattergl\": [{\"line\": {\"width\": 3}, \"marker\": {\"size\": 9}, \"type\": \"scattergl\"}], \"scatterpolar\": [{\"line\": {\"width\": 3}, \"marker\": {\"size\": 9}, \"type\": \"scatterpolar\"}], \"scatterpolargl\": [{\"line\": {\"width\": 3}, \"marker\": {\"size\": 9}, \"type\": \"scatterpolargl\"}], \"scatterternary\": [{\"line\": {\"width\": 3}, \"marker\": {\"size\": 9}, \"type\": \"scatterternary\"}], \"table\": [{\"cells\": {\"height\": 30}, \"header\": {\"height\": 36}, \"type\": \"table\"}]}, \"layout\": {\"font\": {\"size\": 18}, \"xaxis\": {\"title\": {\"standoff\": 15}}, \"yaxis\": {\"title\": {\"standoff\": 15}}}}, \"title\": {\"text\": \"Feature Correlation Matrix\"}, \"xaxis\": {\"tickangle\": 45}, \"yaxis\": {\"title\": {}}},                        {\"responsive\": true}                    ).then(function(){\n",
       "                            \n",
       "var gd = document.getElementById('d8cf1895-ff28-4b82-9700-f88c71ba3480');\n",
       "var x = new MutationObserver(function (mutations, observer) {{\n",
       "        var display = window.getComputedStyle(gd).display;\n",
       "        if (!display || display === 'none') {{\n",
       "            console.log([gd, 'removed!']);\n",
       "            Plotly.purge(gd);\n",
       "            observer.disconnect();\n",
       "        }}\n",
       "}});\n",
       "\n",
       "// Listen for the removal of the full notebook cells\n",
       "var notebookContainer = gd.closest('#notebook-container');\n",
       "if (notebookContainer) {{\n",
       "    x.observe(notebookContainer, {childList: true});\n",
       "}}\n",
       "\n",
       "// Listen for the clearing of the current output cell\n",
       "var outputEl = gd.closest('.output');\n",
       "if (outputEl) {{\n",
       "    x.observe(outputEl, {childList: true});\n",
       "}}\n",
       "\n",
       "                        })                };                });            </script>        </div>"
      ]
     },
     "metadata": {},
     "output_type": "display_data"
    }
   ],
   "source": [
    "corr_new = corr.set_index('index')\n",
    "fig = go.Figure(data=go.Heatmap(\n",
    "                    x=corr_new.columns,\n",
    "                    y=corr_new.index,\n",
    "                    z=corr_new,\n",
    "colorscale=[(0, \"#ff9900\"), (0.5, 'white'), (1, \"#2D3949\")]))\n",
    "fig.update_layout(showlegend=False, title_text=f\"Feature Correlation Matrix\",\n",
    "                          template=\"presentation\")\n",
    "fig.update_yaxes(title=None)\n",
    "fig.update_xaxes(tickangle=45)\n",
    "fig.update_layout(\n",
    "    font_family=\"Gravitas One\",\n",
    "    font_color=\"#2D3949\",\n",
    ")\n",
    "\n",
    "fig.show()"
   ]
  },
  {
   "cell_type": "code",
   "execution_count": 36,
   "metadata": {
    "pycharm": {
     "name": "#%%\n"
    }
   },
   "outputs": [
    {
     "data": {
      "application/vnd.plotly.v1+json": {
       "config": {
        "plotlyServerURL": "https://plot.ly"
       },
       "data": [
        {
         "hovertemplate": "zn=%{x}<br>medv=%{y}<extra></extra>",
         "legendgroup": "",
         "marker": {
          "color": "#636efa",
          "line": {
           "color": "#2D3949",
           "width": 2
          },
          "size": 5,
          "symbol": "circle"
         },
         "mode": "markers",
         "name": "",
         "orientation": "v",
         "showlegend": false,
         "type": "scatter",
         "x": [
          -0.48724018722682616,
          -0.48724018722682616,
          -0.48724018722682616,
          -0.48724018722682616,
          -0.48724018722682616,
          -0.48724018722682616,
          -0.48724018722682616,
          -0.48724018722682616,
          -0.48724018722682616,
          -0.48724018722682616,
          -0.48724018722682616,
          -0.48724018722682616,
          -0.48724018722682616,
          -0.48724018722682616,
          -0.48724018722682616,
          -0.48724018722682616,
          -0.48724018722682616,
          -0.48724018722682616,
          -0.48724018722682616,
          -0.48724018722682616,
          -0.48724018722682616,
          -0.48724018722682616,
          -0.48724018722682616,
          -0.48724018722682616,
          -0.48724018722682616,
          -0.48724018722682616,
          -0.48724018722682616,
          -0.48724018722682616,
          -0.48724018722682616,
          -0.48724018722682616,
          -0.48724018722682616,
          -0.48724018722682616,
          -0.48724018722682616,
          -0.48724018722682616,
          -0.48724018722682616,
          -0.48724018722682616,
          -0.48724018722682616,
          -0.48724018722682616,
          -0.48724018722682616,
          -0.48724018722682616,
          -0.48724018722682616,
          -0.48724018722682616,
          -0.48724018722682616,
          -0.48724018722682616,
          -0.48724018722682616,
          -0.48724018722682616,
          -0.48724018722682616,
          -0.48724018722682616,
          -0.48724018722682616,
          -0.48724018722682616,
          -0.48724018722682616,
          -0.48724018722682616,
          -0.48724018722682616,
          -0.48724018722682616,
          -0.48724018722682616,
          -0.48724018722682616,
          -0.48724018722682616,
          -0.48724018722682616,
          -0.48724018722682616,
          -0.48724018722682616,
          -0.48724018722682616,
          -0.48724018722682616,
          -0.48724018722682616,
          -0.48724018722682616,
          -0.48724018722682616,
          -0.48724018722682616,
          -0.48724018722682616,
          -0.48724018722682616,
          -0.48724018722682616,
          -0.48724018722682616,
          -0.48724018722682616,
          -0.48724018722682616,
          -0.48724018722682616,
          -0.48724018722682616,
          -0.48724018722682616,
          -0.48724018722682616,
          -0.48724018722682616,
          -0.48724018722682616,
          -0.48724018722682616,
          -0.48724018722682616,
          -0.48724018722682616,
          -0.48724018722682616,
          -0.48724018722682616,
          -0.48724018722682616,
          -0.48724018722682616,
          -0.48724018722682616,
          -0.48724018722682616,
          -0.48724018722682616,
          -0.48724018722682616,
          -0.48724018722682616,
          -0.48724018722682616,
          -0.48724018722682616,
          -0.48724018722682616,
          -0.48724018722682616,
          -0.48724018722682616,
          -0.48724018722682616,
          -0.48724018722682616,
          -0.48724018722682616,
          -0.48724018722682616,
          -0.48724018722682616,
          -0.48724018722682616,
          -0.48724018722682616,
          -0.48724018722682616,
          -0.48724018722682616,
          -0.48724018722682616,
          -0.48724018722682616,
          -0.48724018722682616,
          -0.48724018722682616,
          -0.48724018722682616,
          -0.48724018722682616,
          -0.48724018722682616,
          -0.48724018722682616,
          -0.48724018722682616,
          -0.48724018722682616,
          -0.48724018722682616,
          -0.48724018722682616,
          -0.48724018722682616,
          -0.48724018722682616,
          -0.48724018722682616,
          -0.48724018722682616,
          -0.48724018722682616,
          -0.48724018722682616,
          -0.48724018722682616,
          -0.48724018722682616,
          -0.48724018722682616,
          -0.48724018722682616,
          -0.48724018722682616,
          -0.48724018722682616,
          -0.48724018722682616,
          -0.48724018722682616,
          -0.48724018722682616,
          2.9429307308500303,
          2.9429307308500303,
          3.371702095609637,
          2.085388001330816,
          2.085388001330816,
          1.227845271811602,
          1.227845271811602,
          2.9429307308500303,
          3.1573164132298337,
          -0.48724018722682616,
          -0.48724018722682616,
          1.8710023189510125,
          1.8710023189510125,
          -0.48724018722682616,
          1.0134595894317984,
          -0.48724018722682616,
          -0.48724018722682616,
          -0.48724018722682616,
          -0.48724018722682616,
          -0.48724018722682616,
          -0.48724018722682616,
          -0.48724018722682616,
          -0.48724018722682616,
          1.0134595894317984,
          1.0134595894317984,
          -0.48724018722682616,
          -0.48724018722682616,
          -0.48724018722682616,
          -0.48724018722682616,
          -0.48724018722682616,
          -0.48724018722682616,
          -0.48724018722682616,
          -0.48724018722682616,
          -0.48724018722682616,
          -0.48724018722682616,
          -0.48724018722682616,
          -0.48724018722682616,
          -0.48724018722682616,
          -0.48724018722682616,
          0.927705316479877,
          0.927705316479877,
          0.927705316479877,
          0.927705316479877,
          0.9705824529558377,
          0.9705824529558377,
          0.9705824529558377,
          2.514159366090423,
          2.514159366090423,
          2.514159366090423,
          -0.48724018722682616,
          -0.48724018722682616,
          -0.48724018722682616,
          -0.48724018722682616,
          -0.48724018722682616,
          2.9429307308500303,
          2.9429307308500303,
          2.9429307308500303,
          1.7638094777611109,
          1.7638094777611109,
          1.7638094777611109,
          2.9429307308500303,
          1.8710023189510125,
          3.371702095609637,
          3.371702095609637,
          0.3703025422923879,
          0.3703025422923879,
          0.3703025422923879,
          0.3703025422923879,
          1.227845271811602,
          1.227845271811602,
          1.227845271811602,
          1.227845271811602,
          1.227845271811602,
          0.3703025422923879,
          0.3703025422923879,
          0.3703025422923879,
          0.3703025422923879,
          0.3703025422923879,
          0.3703025422923879,
          0.3703025422923879,
          0.3703025422923879,
          0.3703025422923879,
          0.3703025422923879,
          0.3703025422923879,
          0.3703025422923879,
          0.3703025422923879,
          0.3703025422923879,
          0.3703025422923879,
          0.3703025422923879,
          0.3703025422923879,
          3.371702095609637,
          2.9429307308500303,
          2.9429307308500303,
          0.4560568152443093,
          0.4560568152443093,
          0.4560568152443093,
          0.4560568152443093,
          0.4560568152443093,
          0.4560568152443093,
          0.4560568152443093,
          0.4560568152443093,
          0.4560568152443093,
          0.4560568152443093,
          0.7990739070519949,
          0.7990739070519949,
          0.7990739070519949,
          0.7990739070519949,
          0.7990739070519949,
          0.7990739070519949,
          -0.48724018722682616,
          -0.48724018722682616,
          -0.48724018722682616,
          -0.48724018722682616,
          -0.48724018722682616,
          -0.48724018722682616,
          -0.48724018722682616,
          -0.48724018722682616,
          -0.48724018722682616,
          -0.48724018722682616,
          -0.48724018722682616,
          -0.48724018722682616,
          -0.48724018722682616,
          -0.48724018722682616,
          -0.48724018722682616,
          -0.48724018722682616,
          -0.48724018722682616,
          -0.48724018722682616,
          -0.48724018722682616,
          -0.48724018722682616,
          -0.48724018722682616,
          -0.48724018722682616,
          -0.48724018722682616,
          -0.48724018722682616,
          -0.48724018722682616,
          -0.48724018722682616,
          -0.48724018722682616,
          -0.48724018722682616,
          -0.48724018722682616,
          -0.48724018722682616,
          -0.48724018722682616,
          -0.48724018722682616,
          -0.48724018722682616,
          -0.48724018722682616,
          -0.48724018722682616,
          -0.48724018722682616,
          -0.48724018722682616,
          -0.48724018722682616,
          -0.48724018722682616,
          -0.48724018722682616,
          -0.48724018722682616,
          -0.48724018722682616,
          -0.48724018722682616,
          -0.48724018722682616,
          -0.48724018722682616,
          -0.48724018722682616,
          -0.48724018722682616,
          -0.48724018722682616,
          -0.48724018722682616,
          -0.48724018722682616,
          -0.48724018722682616,
          -0.48724018722682616,
          3.586087777989441,
          3.586087777989441,
          3.050123572039932,
          3.050123572039932,
          3.586087777989441,
          3.586087777989441,
          2.9429307308500303,
          2.9429307308500303,
          2.9429307308500303,
          2.9429307308500303,
          2.085388001330816,
          2.085388001330816,
          1.4422309541914056,
          1.4422309541914056,
          1.4422309541914056,
          1.4422309541914056,
          1.4422309541914056,
          1.4422309541914056,
          -0.48724018722682616,
          -0.48724018722682616,
          -0.48724018722682616,
          -0.48724018722682616,
          -0.48724018722682616,
          -0.48724018722682616,
          -0.48724018722682616,
          -0.48724018722682616,
          -0.48724018722682616,
          -0.48724018722682616,
          -0.48724018722682616,
          -0.48724018722682616,
          -0.48724018722682616,
          -0.48724018722682616,
          -0.48724018722682616,
          -0.48724018722682616,
          -0.48724018722682616,
          -0.48724018722682616,
          -0.48724018722682616,
          -0.48724018722682616,
          -0.48724018722682616,
          -0.48724018722682616,
          -0.48724018722682616,
          -0.48724018722682616,
          -0.48724018722682616,
          -0.48724018722682616,
          -0.48724018722682616,
          -0.48724018722682616,
          -0.48724018722682616,
          -0.48724018722682616,
          -0.48724018722682616,
          -0.48724018722682616,
          -0.48724018722682616,
          -0.48724018722682616,
          -0.48724018722682616,
          -0.48724018722682616,
          -0.48724018722682616,
          -0.48724018722682616,
          -0.48724018722682616,
          -0.48724018722682616,
          -0.48724018722682616,
          -0.48724018722682616,
          -0.48724018722682616,
          -0.48724018722682616,
          -0.48724018722682616,
          -0.48724018722682616,
          -0.48724018722682616,
          -0.48724018722682616,
          -0.48724018722682616,
          -0.48724018722682616,
          -0.48724018722682616,
          -0.48724018722682616,
          -0.48724018722682616,
          -0.48724018722682616,
          -0.48724018722682616,
          -0.48724018722682616,
          -0.48724018722682616,
          -0.48724018722682616,
          -0.48724018722682616,
          -0.48724018722682616,
          -0.48724018722682616,
          -0.48724018722682616,
          -0.48724018722682616,
          -0.48724018722682616,
          -0.48724018722682616,
          -0.48724018722682616,
          -0.48724018722682616,
          -0.48724018722682616,
          -0.48724018722682616,
          -0.48724018722682616,
          -0.48724018722682616,
          -0.48724018722682616,
          -0.48724018722682616,
          -0.48724018722682616,
          -0.48724018722682616,
          -0.48724018722682616,
          -0.48724018722682616,
          -0.48724018722682616,
          -0.48724018722682616,
          -0.48724018722682616,
          -0.48724018722682616,
          -0.48724018722682616,
          -0.48724018722682616,
          -0.48724018722682616,
          -0.48724018722682616,
          -0.48724018722682616,
          -0.48724018722682616,
          -0.48724018722682616,
          -0.48724018722682616,
          -0.48724018722682616,
          -0.48724018722682616,
          -0.48724018722682616,
          0.7133196341000735,
          0.7133196341000735,
          0.7133196341000735,
          -0.48724018722682616,
          -0.48724018722682616,
          -0.48724018722682616,
          -0.48724018722682616,
          -0.48724018722682616,
          -0.48724018722682616,
          -0.48724018722682616,
          -0.48724018722682616,
          0.5846882246721914,
          0.5846882246721914,
          0.5846882246721914,
          0.5846882246721914,
          -0.48724018722682616,
          -0.48724018722682616,
          -0.48724018722682616,
          -0.48724018722682616,
          -0.48724018722682616,
          -0.48724018722682616,
          -0.48724018722682616,
          -0.48724018722682616,
          -0.48724018722682616,
          -0.48724018722682616,
          0.04872401872268263,
          0.04872401872268263,
          0.04872401872268263,
          2.9429307308500303,
          2.9429307308500303,
          0.26310970110248616,
          0.5846882246721914,
          0.5846882246721914,
          -0.48724018722682616,
          -0.48724018722682616,
          -0.48724018722682616,
          -0.48724018722682616,
          -0.48724018722682616,
          -0.48724018722682616,
          -0.48724018722682616,
          -0.48724018722682616,
          -0.48724018722682616,
          0.5846882246721914,
          0.5846882246721914,
          0.5846882246721914,
          0.5846882246721914,
          3.8004734603692443,
          3.1573164132298337,
          3.371702095609637,
          2.7285450484702265,
          0.4131796787683486,
          0.4131796787683486,
          0.4131796787683486,
          0.4131796787683486,
          -0.48724018722682616,
          -0.48724018722682616,
          -0.48724018722682616,
          -0.48724018722682616,
          -0.48724018722682616,
          -0.48724018722682616,
          -0.48724018722682616,
          -0.48724018722682616,
          -0.48724018722682616,
          2.7285450484702265,
          2.7285450484702265,
          -0.48724018722682616,
          -0.48724018722682616,
          -0.48724018722682616,
          -0.48724018722682616,
          -0.48724018722682616,
          -0.48724018722682616,
          -0.48724018722682616,
          -0.48724018722682616,
          -0.48724018722682616,
          -0.48724018722682616,
          -0.48724018722682616,
          -0.48724018722682616,
          -0.48724018722682616,
          -0.48724018722682616,
          -0.48724018722682616,
          -0.48724018722682616,
          -0.48724018722682616,
          -0.48724018722682616,
          -0.48724018722682616,
          -0.48724018722682616,
          -0.48724018722682616,
          -0.48724018722682616,
          -0.48724018722682616,
          -0.48724018722682616,
          -0.48724018722682616,
          -0.48724018722682616,
          0.04872401872268263,
          0.04872401872268263,
          0.04872401872268263,
          0.04872401872268263,
          0.04872401872268263,
          0.04872401872268263,
          0.04872401872268263,
